1
Watauga Reservoir
9310493 508313		
1975  1710
677.0 323.0 545.5319
-0.0006  0.7238  1756.2
99.668  0.6581
1      1
2   
2   1
1	199.5  5200
4   1
3   2
1   1
169.0  20   0.4   0.1   325.0  0.1
1750  
0.0078 0.00876 0.00752 0.00504 0.00308 0.00148 0.00088 0.00088 0.00126 0.00262 0.00442 0.00682 0.0078
0.1 0.1 
2
Wilbur Reservoir
9393231  560587		
1656    1626
0.715 0.388 0.4641322
-12.993  33.126  1633.8
99.344  0.6526
1   1
2
2   3
1	106  14820
3   4
4   2
1   2
3   1
4   1
56.5   20  0.4 0.1   0.33  0.1
1633  
0.0078 0.00876 0.00752 0.00504 0.00308 0.00148 0.00088 0.00088 0.00126 0.00262 0.00442 0.00682 0.0078
0.1  0.1
3
SHolston Reservoir
9393231  560587		
1729    1485
764.0 326.0 606.9382
-0.0005  0.599  1535.3
148.38  0.5967
1   1
2
2   1
1	106  14820
3   4
4   3
1   3
56.5   20  0.4 0.1   344.0  0.1
1495  
0.0078 0.00876 0.00752 0.00504 0.00308 0.00148 0.00088 0.00088 0.00126 0.00262 0.00442 0.00682 0.0078
0.1  0.1
4
Boone Reservoir
9411109		508724		
1385    1260
193.5 45.0 178.439
-0.0036  1.2143  1277.3
178.29  0.5857
1    1
2
2   5
1	142.5   5200
3   5
4   4
1   4
3   2
4   2
3   3
4   3
94.12  20  0.0  0.0   45.0  0.1
1280  
0.0078 0.00876 0.00752 0.00504 0.00308 0.00148 0.00088 0.00088 0.00126 0.00262 0.00442 0.00682 0.0078
0.1  0.1
5
FtPatrick Reservoir
9310493 508313		
1263     1173
26.9 22.7 25.90215
-0.0958  5.2268  1194.8
100.01  0.7017
1      1
2   
2   3
1	199.5  5200
3   6
4   5
1   5
3   4
4   4
169.0  20   0.4   0.1   22.7  0.1
1193  
0.0078 0.00876 0.00752 0.00504 0.00308 0.00148 0.00088 0.00088 0.00126 0.00262 0.00442 0.00682 0.0078
0.1 0.1 
6
Cherokee Reservoir
9310493 508313		
1073   910
1541.0 393.0 1063.613
-0.00009  0.2202  943.08
299.69  0.6122
1      1
2   
2   3
1	199.5  5200
4   6
3   8
1   6
3   5
4   5
169.0  20   0.4   0.1   393.0  0.1
930  
0.0078 0.00876 0.00752 0.00504 0.00308 0.00148 0.00088 0.00088 0.00126 0.00262 0.00442 0.00682 0.0078
0.1 0.1 
7
Douglas Reservoir
9310493 508313		
1002    880
1461.0 210.0 897.0883
-0.00005 0.1428  899.79
443.29  0.5811
1      1
2   
2   1
1	199.5  5200
4   7
3   8
1   7
169.0  20   0.4   0.1   223.0  0.1
890  
0.0078 0.00876 0.00752 0.00504 0.00308 0.00148 0.00088 0.00088 0.00126 0.00262 0.00442 0.00682 0.0078
0.1 0.1 
8
FtLoudoun Reservoir
9310493 508313		
820    730
393.0 282.0 353.4526
-0.0004  0.3276  750.63
218.87  0.7084
1      1
2   
2   5
1	199.5  5200
4   8
5   1
1   8
4   6
3   6
4   7
3   7
169.0  20   0.4   0.1   282.0  0.1
750  
0.0078 0.00876 0.00752 0.00504 0.00308 0.00148 0.00088 0.00088 0.00126 0.00262 0.00442 0.00682 0.0078
0.1 0.1 
9
Fontana Reservoir
9310493 508313		
1710   1300
1443.0 497.0 1225.609
-0.0002  0.5804  1352.4
70.364  0.6797
1      1
2   
2   1
1	199.5  5200
4   9
5   1
1   9
169.0  20   0.4   0.1   497.0  0.1
1350  
0.0078 0.00876 0.00752 0.00504 0.00308 0.00148 0.00088 0.00088 0.00126 0.00262 0.00442 0.00682 0.0078
0.1 0.1 
10
Norris Reservoir
9310493 508313		
1034   818
2552.0 630.0 2000.985
-0.00004  0.1746  858.33
167.9  0.692
1      1
2   
2   1
1	199.5  5200
4   10
3   11
1   10
169.0  20   0.4   0.1   789.0  0.1
858  
0.0078 0.00876 0.00752 0.00504 0.00308 0.00148 0.00088 0.00088 0.00126 0.00262 0.00442 0.00682 0.0078
0.1 0.1 
11
MeltonH Reservoir
9310493 508313		
796  726
126.0 94.0 111.1696
-0.0036   0.9116    740.2
227.92  0.6602
1      1
2   
2   3
1	199.5  5200
4   11
5   1
1   11
4   10
3   10
169.0  20   0.4   0.1   94.1  0.1
744  
0.0078 0.00876 0.00752 0.00504 0.00308 0.00148 0.00088 0.00088 0.00126 0.00262 0.00442 0.00682 0.0078
0.1 0.1 
12
WattsBar Reservoir
9310493 508313		
745   640
1175.0 796.0 1002.19
-0.00008  0.1555  669.99
186.21  0.7819
1      1
2   
2   2
1	199.5  5200
4   12
5   2
1   12
5   1
169.0  20   0.4   0.1   796.0  0.1
660  
0.0078 0.00876 0.00752 0.00504 0.00308 0.00148 0.00088 0.00088 0.00126 0.00262 0.00442 0.00682 0.0078
0.1 0.1 
13
Chatuge Reservoir
9310493 508313		
1933   1804
240.5 118.0 195.2906
-0.0018  0.8213  1836.9
133.27  0.7129
1      1
2   
2   1
1	199.5  5200
4   13
3   15
1   13
169.0  20   0.4   0.1   118.0  0.1
1864  
0.0078 0.00876 0.00752 0.00504 0.00308 0.00148 0.00088 0.00088 0.00126 0.00262 0.00442 0.00682 0.0078
0.1 0.1 
14
Nottely Reservoir
9310493 508313		
1760   1612
174.3 57.2 131.5736
-0.0029  1.092   1678.9
90.978   0.7241
1      1
2   
2   1
1	199.5  5200
4   14
3   15
1   14
169.0  20   0.4   0.1   58.0  0.1
1672  
0.0078 0.00876 0.00752 0.00504 0.00308 0.00148 0.00088 0.00088 0.00126 0.00262 0.00442 0.00682 0.0078
0.1 0.1 
15
Hiwassee Reservoir
9310493 508313		
1520     1270
434.0 128.0 322.1355
-0.0008  0.7044  1368.9
37.906  0.8414
1      1
2   
2   5
1	199.5  5200
4   15
3   16
1   15
3   13
4   13
3   14
4   14
169.0  20   0.4   0.1   163.0  0.1
1370  
0.0078 0.00876 0.00752 0.00504 0.00308 0.00148 0.00088 0.00088 0.00126 0.00262 0.00442 0.00682 0.0078
0.1 0.1 
16
Apalachia Reservoir
9310493 508313		
1290   1170
57.8 49.0 54.61488
-0.0185  2.7513  1185
129.87  0.5196
1      1
2   
2   3
1	199.5  5200
4   16
5   2
1   16
3   15
4   15
169.0  20   0.4   0.1   50.0  0.1
1190  
0.0078 0.00876 0.00752 0.00504 0.00308 0.00148 0.00088 0.00088 0.00126 0.00262 0.00442 0.00682 0.0078
0.1 0.1 
17
BlueRidge Reservoir
9310493 508313		
1675    1590
195.9 12.0 165.7527
-0.0015  0.7838  1592.9
113.69  0.6438
1      1
2   
2   1
1	199.5  5200
4   17
3   18
1   17
169.0  20   0.4   0.1   67.5  0.1
1610  
0.0078 0.00876 0.00752 0.00504 0.00308 0.00148 0.00088 0.00088 0.00126 0.00262 0.00442 0.00682 0.0078
0.1 0.1 
18
Ocoee3 Reservoir
9310493 508313		
1440   1383
4.18 2.07 3.102149
-1.5475  16.324  1400.1
79.799  1.1623
1      1
2   
2   3
1	199.5  5200
4   18
3   19
1   18
3   17
4   17
169.0  20   0.4   0.1   1.7  0.1
1395  
0.0078 0.00876 0.00752 0.00504 0.00308 0.00148 0.00088 0.00088 0.00126 0.00262 0.00442 0.00682 0.0078
0.1 0.1 
19
Ocoee1 Reservoir
9310493 508313		
830  730
85.2 53.5 78.23603
-0.0109  1.9974  744.85
198.18  0.4687
1      1
2   
2   3
1	199.5  5200
4   19
5   2
1   19
3   18
4   18
169.0  20   0.4   0.1   56.38  0.1
750  
0.0078 0.00876 0.00752 0.00504 0.00308 0.00148 0.00088 0.00088 0.00126 0.00262 0.00442 0.00682 0.0078
0.1 0.1 
20
Chikamauga Reservoir
9310493 508313		
690    617
739.0 392.0 605.3355
-0.00006  0.1027  644.26
346.4  0.7167
1      1
2   
2   2
1	199.5  5200
4   20
5   3
1   20
5   2
169.0  20   0.4   0.1   392.0  0.1
657  
0.0078 0.00876 0.00752 0.00504 0.00308 0.00148 0.00088 0.00088 0.00126 0.00262 0.00442 0.00682 0.0078
0.1 0.1 
21
RacoonMt Reservoir
9310493 508313		
1672    1530
37.3 2.2 23.60926
-0.0997  7.5714  1521.3
0.0  0.0
1      1
2   
2   1
1	199.5  5200
4   21
5   3
1   21
169.0  20   0.4   0.1   2.2  0.1
1630  
0.0078 0.00876 0.00752 0.00504 0.00308 0.00148 0.00088 0.00088 0.00126 0.00262 0.00442 0.00682 0.0078
0.1 0.1 
22
Nikajack Reservoir
9310493 508313		
635  510
310.5 220.1 240.3709
-0.0012  0.5798  567.43
93.924  0.8693
1      1
2   
2   2
1	199.5  5200
4   22
5   4
1   22
5   3
169.0  20   0.4   0.1   220.1  0.1
550  
0.0078 0.00876 0.00752 0.00504 0.00308 0.00148 0.00088 0.00088 0.00126 0.00262 0.00442 0.00682 0.0078
0.1 0.1 
23
Guntersville Reservoir
9310493 508313		
600   530
1052.0 1018 1015.983
-0.00004  0.0833  552.05
246.66  0.8175
1      1
2   
2   2
1	199.5  5200
4   23
3   25
1   23
5   4
169.0  20   0.4   0.1   870.0  0.1
560  
0.0078 0.00876 0.00752 0.00504 0.00308 0.00148 0.00088 0.00088 0.00126 0.00262 0.00442 0.00682 0.0078
0.1 0.1 
24
TimsFord Reservoir
9310493 508313		
920  743
608.0 325.4 450.9263
-0.0002  0.2757  787.89
140.44  0.6994
1      1
2   
2   1
1	199.5  5200
4   24
3   25
1   24
169.0  20   0.4   0.1   325.0  0.1
773  
0.0078 0.00876 0.00752 0.00504 0.00308 0.00148 0.00088 0.00088 0.00126 0.00262 0.00442 0.00682 0.0078
0.1 0.1 
25
Wheeler Reservoir
9310493 508313		
560   490
1071.0 720.0 979.4817
-0.00004  0.0886  509.44
949.15  0.5883
1      1
2   
2   5
1	199.5  5200
4   25
3   26
1   25
3   23
4   23
3   24
4   24
169.0  20   0.4   0.1   720.0  0.1
530  
0.0078 0.00876 0.00752 0.00504 0.00308 0.00148 0.00088 0.00088 0.00126 0.00262 0.00442 0.00682 0.0078
0.1 0.1 
26
Wilson Reservoir
9310493 508313		
510   395
640.2 587.0 629.1114
-0.0002  0.2404  427.66
271.9  0.6464
1      1
2   
2   3
1	199.5  5200
4   26
3   27
1   26
3   25
4   25
169.0  20   0.4   0.1   590.0  0.1
423  
0.0078 0.00876 0.00752 0.00504 0.00308 0.00148 0.00088 0.00088 0.00126 0.00262 0.00442 0.00682 0.0078
0.1 0.1 
27
Pickwick Reservoir
9310493 508313		
518   330
1105.0 688.0 874.1236
-0.00007  0.1236  360.69
449.05  0.6553
1      1
2   
2   3
1	199.5  5200
4   27
3   28
1   27
3   26
4   26
169.0  20   0.4   0.1   680.0  0.1
370  
0.0078 0.00876 0.00752 0.00504 0.00308 0.00148 0.00088 0.00088 0.00126 0.00262 0.00442 0.00682 0.0078
0.1 0.1 
28
Kentucky Reservoir
9310493 508313		
380   280
6129.0 2121.0 2757.148
-0.000002  0.0241  309.02
353.88  0.762
1      1
2   
2   3
1	199.5  5200
4   28
5   5
1   28
3   27
4   27
169.0  20   0.4   0.1   2121.0  0.1
320  
0.0078 0.00876 0.00752 0.00504 0.00308 0.00148 0.00088 0.00088 0.00126 0.00262 0.00442 0.00682 0.0078
0.1 0.1 
