1
Watuga H
1  4  1   1   2
3   2
3   1
0.9  20000   5   10  0   146.3915862 5
1
0.2   0.3
20   30
15  66  0.9  0.2   0.3  100
1647.333
0
0.01
2
Wilbur H
2  4  1   1   2
3   4
3   2
0.9  20000   5   10  0   159.877931  5
1
0.2   0.3
20   30
15  11  0.9  0.2   0.3  100
1646.294
0
0.01
3
SHolston H
3  4  1   1   2
3   4
3   3
0.9  20000   5   10  0  163.7337241  5
1
0.2   0.3
20   30
15  44  0.9  0.2   0.3  100
1485.767
0
0.01
4
Boone H
4  4  1   1   2
3   5
3   4
0.9  20000   5   10  0   549.4201379  5
1
0.2   0.3
20   30
15  89  0.9  0.2   0.3  100
1260.882
0
0.01
5
FtPatrick H
5  4  1   1   2
3   6
3   5
0.9  20000   5   10  0   552.5454483 5
1
0.2   0.3
20   30
15  41  0.9  0.2   0.3  100
1189.473
0
0.01
6
Cherokee H
6  4  1   1   2
3   8
3   6
0.9  20000   5   10  0   844.6811034  5
1
0.2   0.3
20   30
15  148  0.9  0.2   0.3  100
921.3397
0
0.01
7
Douglas H
7  4  1   1   2
3   8
3   7
0.9  20000   5   10  0   1323.893586  5
1
0.2   0.3
20   30
15  111  0.9  0.2   0.3  100
868.714
0
0.01
8
FtLoudoun H
8  4  1   1   2
5   1
3   8
0.9  20000   5   10  0   3936.381862  5
1
0.2   0.3
20   30
15  164  0.9  0.2   0.3  100
739.8497
0
0.01
9
Fontana H
9  4  1   1   2
5   1
3   9
0.9  20000   5   10  0   707.3415172  5
1
0.2   0.3
20   30
15  304  0.9  0.2   0.3  100
1275.179
0
0.01
10
Norris H
10  4  1   1   2
3   11
3   10
0.9  20000   5   10  0   809.9456552 5
1
0.2   0.3
20   30
15  110  0.9  0.2   0.3  100
822.3777
0
0.01
11
MeltonH H
11  4  1   1   2
5   1
3   11
0.9  20000   5   10  0   984.7494483 5
1
0.2   0.3
20   30
15  79  0.9  0.2   0.3  100
740.0737
0
0.01
12
WattsBar H
12  4  1   1   2
5   2
3   12
0.9  20000   5   10  0   5853.177655  5
1
0.2   0.3
20   30
15  182  0.9  0.2   0.3  100
682.27
0
0.01
13
Chatuge H
13  4  1   1   2
3   15
3   13
0.9  20000   5   10  0   109.0885517  5
1
0.2   0.3
20   30
15  13  0.9  0.2   0.3  100
1802.147
0
0.01
14
Nottely H
14  4  1   1   2
3   15
3   14
0.9  20000   5   10  0   184.1670345  5
1
0.2   0.3
20   30
15  18  0.9  0.2   0.3  100
1608.038
0
0.01
15
Hiwassee H
15  4  1   1   2
3   16
3   15
0.9  20000   5   10  0   369.110069 5
1
0.2   0.3
20   30
15  141  0.9  0.2   0.3  100
1277.271
0
0.01
16
Apalachia H
16  4  1   1   2
5   2
3   16
0.9  20000   5   10  0   358.1884828  5
1
0.2   0.3
20   30
15  82  0.9  0.2   0.3  100
838.2897
0
0.01
17
BlueRidge H
17  4  1   1   2
3   18
3   17
0.9  20000   5   10  0   184.1670345  5
1
0.2   0.3
20   30
15  13  0.9  0.2   0.3  100
1541.678
0
0.01
18
Ocoee3 H
18  4  1   1   2
3   19
3   18
0.9  20000   5   10  0   277.1497931  5
1
0.2   0.3
20   30
15  29  0.9  0.2   0.3  100
1115.644
0
0.01
19
Ocoee1 H
19  4  1   1   2
5   2
3   19
0.9  20000   5   10  0   307.6303448 5
1
0.2   0.3
20   30
15  24  0.9  0.2   0.3  100
713.4427
0
0.01
20
Chikamauga H
20  4  1   1   2
5   3
3   20
0.9  20000   5   10  0   7500.936621 5
1
0.2   0.3
20   30
15  119  0.9  0.2   0.3  100
634.0467
0
0.01
21
RacoonMt H
22  4  1   1   2
5   3
3   21
0.9  20000   5   10  0   481.3978621 5
1
0.2   0.3
20   30
15  1653  0.9  0.2   0.3  100
633.5983
0
0.01
22
Nikajack H
20  4  1   1   2
5   4
3   22
0.9  20000   5   10  0   7853.84869 5
1
0.2   0.3
20   30
15  105  0.9  0.2   0.3  100
594.8807
0
0.01
23
Guntersville H
23  4  1   1   2
3   25
3   23
0.9  20000   5   10  0   9206.627724  5
1
0.2   0.3
20   30
15  124  0.9  0.2   0.3  100
555.486
0
0.01
24
TimsFord H
24  4  1   1   2
3   25
3   24
0.9  20000   5   10  0   224.9217241  5
1
0.2   0.3
20   30
15  36  0.9  0.2   0.3  100
743.6203
0
0.01
25
Wheeler H
25  4  1   1   2
3   26
3   25
0.9  20000   5   10  0   11957.13207 5
1
0.2   0.3
20   30
15  361  0.9  0.2   0.3  100
507.088
0
0.01
26
Wilson H
26  4  1   1   2
3   27
3   26
0.9  20000   5   10  0   12530.34441 5
1
0.2   0.3
20   30
15  663  0.9  0.2   0.3  100
412.828
0
0.01
27
Pickwick H
27  4  1   1   2
3   28
3   27
0.9  20000   5   10  0   13167.65503 5
1
0.2   0.3
20   30
15  229  0.9  0.2   0.3  100
358.5033
0
0.01
28
Kentucky H
28  4  1   1   2
5   5
3   28
0.9  20000   5   10  0   13167.65503 5
1
0.2   0.3
20   30
15  184  0.9  0.2   0.3  100
301.8363
0
0.01
