1
Watuga H
1  4  1   1   2
3   2
3   1
0.9  20000   5   10  0   146.3915862 5
0.01190476 0.01190476 0.01190476 0.01190476 0.01190476 0.01190476 0.01190476 0.01190476 0.01190476 0.01190476 0.01190476 0.01190476 0.01190476 0.01190476 0.01190476 0.01190476 0.01190476 0.01190476 0.01190476 0.01190476 0.01190476 0.01190476 0.01190476 0.01190476 0.01190476 0.01190476 0.01190476 0.01190476 0.01190476 0.01190476 0.01190476 0.01190476 0.01190476 0.01190476 0.01190476 0.01190476 0.01190476 0.01190476 0.01190476 0.01190476 0.01190476 0.01190476 0.01190476 0.01190476 0.01190476 0.01190476 0.01190476 0.01190476 0.01190476 0.01190476 0.01190476 0.01190476 0.01190476 0.01190476 0.01190476 0.01190476 0.01190476 0.01190476 0.01190476 0.01190476 0.01190476 0.01190476 0.01190476 0.01190476 0.01190476 0.01190476 0.01190476 0.01190476 0.01190476 0.01190476 0.01190476 0.01190476 0.01190476 0.01190476 0.01190476 0.01190476 0.01190476 0.01190476 0.01190476 0.01190476 0.01190476 0.01190476 0.01190476 0.01190476
0.2   0.3
20   30
15  66  0.9  0.2   0.3  100
1648.069 1647.199 1647.475 1647.497 1647.402 1647.505 1647.374 1647.526 1649.563 1648.368 1647.636 1647.951 1647.778 1647.334 1647.672 1648.031 1647.572 1647.376 1647.168 1647.209 1647.163 1647.195 1647.259 1647.569 1647.287 1647.353 1647.324 1647.81 1647.321 1647.245 1647.345 1647.406 1647.26 1647.386 1647.586 1647.461 1648.047 1647.181 1647.359 1647.292 1647.159 1647.333 1647.3 1647.387 1647.486 1647.177 1647.447 1647.393 1647.793 1647.908 1648.133 1647.712 1647.374 1647.575 1647.593 1647.499 1647.661 1647.74 1647.41 1647.873 1648.173 1648.091 1647.882 1648.116 1649.061 1648.395 1647.878 1648.147 1648.272 1648.994 1649.876 1650.034 1649.596 1649.085 1648.757 1648.166 1647.978 1647.658 1647.804 1648.16 1647.549 1647.556 1647.999 1648.073
0
0.01
2
Wilbur H
2  4  1   1   2
3   4
3   2
0.9  20000   5   10  0   159.877931  5
0.01190476 0.01190476 0.01190476 0.01190476 0.01190476 0.01190476 0.01190476 0.01190476 0.01190476 0.01190476 0.01190476 0.01190476 0.01190476 0.01190476 0.01190476 0.01190476 0.01190476 0.01190476 0.01190476 0.01190476 0.01190476 0.01190476 0.01190476 0.01190476 0.01190476 0.01190476 0.01190476 0.01190476 0.01190476 0.01190476 0.01190476 0.01190476 0.01190476 0.01190476 0.01190476 0.01190476 0.01190476 0.01190476 0.01190476 0.01190476 0.01190476 0.01190476 0.01190476 0.01190476 0.01190476 0.01190476 0.01190476 0.01190476 0.01190476 0.01190476 0.01190476 0.01190476 0.01190476 0.01190476 0.01190476 0.01190476 0.01190476 0.01190476 0.01190476 0.01190476 0.01190476 0.01190476 0.01190476 0.01190476 0.01190476 0.01190476 0.01190476 0.01190476 0.01190476 0.01190476 0.01190476 0.01190476 0.01190476 0.01190476 0.01190476 0.01190476 0.01190476 0.01190476 0.01190476 0.01190476 0.01190476 0.01190476 0.01190476 0.01190476
0.2   0.3
20   30
15  11  0.9  0.2   0.3  100
1645.75 1645.145 1646.373 1646.805 1645.879 1645.519 1645.938 1646.43 1646.465 1646.188 1645.364 1644.837 1645.043 1645.98 1644.874 1645.66 1645.384 1645.14 1645.889 1645.905 1645.162 1645.801 1646.341 1645.697 1645.579 1645.6 1645.621 1646.616 1645.164 1645.784 1645.271 1645.883 1645.898 1645.277 1645.248 1645.225 1645.354 1645.654 1645.59 1645.412 1644.476 1646.294 1646.064 1646.049 1646.077 1645.999 1646.795 1646.31 1647.419 1647.902 1648.068 1647.332 1646.795 1647.034 1647.165 1646.9 1646.596 1646.286 1646.719 1647.65 1648.068 1648.156 1648.391 1648.604 1647.75 1647.816 1647.756 1648.101 1648.297 1648.603 1648.082 1647.076 1647.575 1648.047 1648.119 1648.169 1647.881 1647.19 1647.569 1648.134 1646.806 1647.217 1648.018 1648.088
0
0.01
3
SHolston H
3  4  1   1   2
3   4
3   3
0.9  20000   5   10  0  163.7337241  5
0.01190476 0.01190476 0.01190476 0.01190476 0.01190476 0.01190476 0.01190476 0.01190476 0.01190476 0.01190476 0.01190476 0.01190476 0.01190476 0.01190476 0.01190476 0.01190476 0.01190476 0.01190476 0.01190476 0.01190476 0.01190476 0.01190476 0.01190476 0.01190476 0.01190476 0.01190476 0.01190476 0.01190476 0.01190476 0.01190476 0.01190476 0.01190476 0.01190476 0.01190476 0.01190476 0.01190476 0.01190476 0.01190476 0.01190476 0.01190476 0.01190476 0.01190476 0.01190476 0.01190476 0.01190476 0.01190476 0.01190476 0.01190476 0.01190476 0.01190476 0.01190476 0.01190476 0.01190476 0.01190476 0.01190476 0.01190476 0.01190476 0.01190476 0.01190476 0.01190476 0.01190476 0.01190476 0.01190476 0.01190476 0.01190476 0.01190476 0.01190476 0.01190476 0.01190476 0.01190476 0.01190476 0.01190476 0.01190476 0.01190476 0.01190476 0.01190476 0.01190476 0.01190476 0.01190476 0.01190476 0.01190476 0.01190476 0.01190476 0.01190476
0.2   0.3
20   30
15  44  0.9  0.2   0.3  100
1487.519 1485.639 1485.675 1485.65 1485.656 1487.377 1486.125 1486.265 1485.45 1485.975 1486.347 1487.054 1486.027 1485.862 1485.53 1485.923 1485.879 1485.01 1484.891 1485.085 1486.56 1485.611 1485.215 1485.394 1485.468 1485.938 1485.606 1485.263 1485.833 1485.656 1485.455 1485.285 1485.142 1485.371 1486.435 1485.768 1486.132 1485.549 1485.226 1485.335 1485.04 1485.767 1484.969 1485.175 1485.304 1484.996 1485.067 1485.374 1485.194 1485.29 1485.227 1484.843 1485.25 1485.125 1484.974 1485.012 1484.931 1485.065 1485.253 1485.308 1485.154 1485.642 1485.554 1485.51 1485.991 1485.198 1485.23 1487.406 1485.148 1485.239 1485.868 1488.47 1487.014 1486.629 1486.053 1485.676 1485.132 1485.045 1485.008 1485.372 1485.154 1485.13 1485.171 1485.673
0
0.01
4
Boone H
4  4  1   1   2
3   5
3   4
0.9  20000   5   10  0   549.4201379  5
0.01190476 0.01190476 0.01190476 0.01190476 0.01190476 0.01190476 0.01190476 0.01190476 0.01190476 0.01190476 0.01190476 0.01190476 0.01190476 0.01190476 0.01190476 0.01190476 0.01190476 0.01190476 0.01190476 0.01190476 0.01190476 0.01190476 0.01190476 0.01190476 0.01190476 0.01190476 0.01190476 0.01190476 0.01190476 0.01190476 0.01190476 0.01190476 0.01190476 0.01190476 0.01190476 0.01190476 0.01190476 0.01190476 0.01190476 0.01190476 0.01190476 0.01190476 0.01190476 0.01190476 0.01190476 0.01190476 0.01190476 0.01190476 0.01190476 0.01190476 0.01190476 0.01190476 0.01190476 0.01190476 0.01190476 0.01190476 0.01190476 0.01190476 0.01190476 0.01190476 0.01190476 0.01190476 0.01190476 0.01190476 0.01190476 0.01190476 0.01190476 0.01190476 0.01190476 0.01190476 0.01190476 0.01190476 0.01190476 0.01190476 0.01190476 0.01190476 0.01190476 0.01190476 0.01190476 0.01190476 0.01190476 0.01190476 0.01190476 0.01190476
0.2   0.3
20   30
15  89  0.9  0.2   0.3  100
1261.785 1261.623 1261.238 1261.404 1261.141 1261.698 1261.391 1261.382 1261.829 1261.71 1261.124 1261.856 1261.292 1261.12 1261.247 1261.603 1261.499 1260.913 1261.068 1260.94 1260.954 1261.259 1261.021 1260.859 1260.974 1260.849 1261.042 1261.41 1261.619 1261.337 1260.963 1261.425 1261.261 1261.229 1261.627 1260.949 1260.926 1260.997 1261.145 1261.202 1261.395 1260.882 1261.215 1260.9 1260.993 1260.745 1260.853 1260.861 1260.781 1260.966 1261.023 1261.137 1261.069 1261.05 1261.542 1261.06 1261.417 1261.57 1262.039 1261.009 1260.964 1260.911 1260.62 1260.834 1261.672 1260.79 1260.78 1260.988 1261.057 1260.773 1261.512 1263.092 1262.108 1261.878 1261.323 1261.445 1261.273 1261.259 1261.249 1261.523 1261.011 1261.004 1260.931 1260.553
0
0.01
5
FtPatrick H
5  4  1   1   2
3   6
3   5
0.9  20000   5   10  0   552.5454483 5
0.01190476 0.01190476 0.01190476 0.01190476 0.01190476 0.01190476 0.01190476 0.01190476 0.01190476 0.01190476 0.01190476 0.01190476 0.01190476 0.01190476 0.01190476 0.01190476 0.01190476 0.01190476 0.01190476 0.01190476 0.01190476 0.01190476 0.01190476 0.01190476 0.01190476 0.01190476 0.01190476 0.01190476 0.01190476 0.01190476 0.01190476 0.01190476 0.01190476 0.01190476 0.01190476 0.01190476 0.01190476 0.01190476 0.01190476 0.01190476 0.01190476 0.01190476 0.01190476 0.01190476 0.01190476 0.01190476 0.01190476 0.01190476 0.01190476 0.01190476 0.01190476 0.01190476 0.01190476 0.01190476 0.01190476 0.01190476 0.01190476 0.01190476 0.01190476 0.01190476 0.01190476 0.01190476 0.01190476 0.01190476 0.01190476 0.01190476 0.01190476 0.01190476 0.01190476 0.01190476 0.01190476 0.01190476 0.01190476 0.01190476 0.01190476 0.01190476 0.01190476 0.01190476 0.01190476 0.01190476 0.01190476 0.01190476 0.01190476 0.01190476
0.2   0.3
20   30
15  41  0.9  0.2   0.3  100
1190.516 1189.442 1188.484 1188.342 1188.723 1190.231 1189.199 1189.606 1190.418 1190.052 1190.406 1191.831 1186.403 1188.741 1189.372 1190.924 1189.404 1189.138 1189.654 1190.44 1190.581 1190.299 1191.549 1188.481 1187.75 1188.502 1187.079 1188.228 1188.051 1189.592 1189.941 1189.19 1189.217 1188.75 1189.749 1188.281 1189.008 1187.265 1188.262 1189.579 1189.846 1189.473 1189.591 1190.381 1190.876 1187.228 1187.357 1186.862 1186.771 1186.79 1186.905 1187.064 1186.994 1188.218 1190.327 1188.358 1188.072 1187.257 1187.613 1187.176 1188.974 1187.758 1187.859 1187.339 1190.323 1188.046 1188.639 1189.275 1187.87 1188.408 1190.391 1193.274 1192.404 1190.768 1188.322 1187.3 1188.894 1187.951 1187.3 1187.868 1188.588 1188.188 1188.408 1188.595
0
0.01
6
Cherokee H
6  4  1   1   2
3   8
3   6
0.9  20000   5   10  0   844.6811034  5
0.01190476 0.01190476 0.01190476 0.01190476 0.01190476 0.01190476 0.01190476 0.01190476 0.01190476 0.01190476 0.01190476 0.01190476 0.01190476 0.01190476 0.01190476 0.01190476 0.01190476 0.01190476 0.01190476 0.01190476 0.01190476 0.01190476 0.01190476 0.01190476 0.01190476 0.01190476 0.01190476 0.01190476 0.01190476 0.01190476 0.01190476 0.01190476 0.01190476 0.01190476 0.01190476 0.01190476 0.01190476 0.01190476 0.01190476 0.01190476 0.01190476 0.01190476 0.01190476 0.01190476 0.01190476 0.01190476 0.01190476 0.01190476 0.01190476 0.01190476 0.01190476 0.01190476 0.01190476 0.01190476 0.01190476 0.01190476 0.01190476 0.01190476 0.01190476 0.01190476 0.01190476 0.01190476 0.01190476 0.01190476 0.01190476 0.01190476 0.01190476 0.01190476 0.01190476 0.01190476 0.01190476 0.01190476 0.01190476 0.01190476 0.01190476 0.01190476 0.01190476 0.01190476 0.01190476 0.01190476 0.01190476 0.01190476 0.01190476 0.01190476
0.2   0.3
20   30
15  148  0.9  0.2   0.3  100
924.1939 921.1048 921.2429 921.091 921.3558 923.038 921.5581 922.6474 922.4093 923.6397 922.1487 926.9745 922.3045 921.3032 921.4487 921.4103 921.1148 921.2923 921.3977 921.2871 923.8287 922.19 921.508 921.5965 921.1542 921.4786 921.1932 921.58 921.6839 921.7777 921.49 922.1094 921.2997 921.4261 923.457 921.5058 922.0568 921.0643 921.0858 921.1003 921.1816 921.3397 921.3868 921.481 921.253 921.0126 921.045 921.2032 921.0745 921.1041 921.1013 921.1223 921.3271 921.681 921.1723 921.1984 921.184 921.051 921.094 921.9681 923.1668 921.1075 921.3661 921.1487 921.0832 922.854 921.6368 923.3277 921.4543 922.6 923.789 925.5532 922.9716 925.7064 921.1065 921.103 921.061 921.0723 921.2297 921.619 922.2887 922.2455 921.1233 922.1523
0
0.01
7
Douglas H
7  4  1   1   2
3   8
3   7
0.9  20000   5   10  0   1323.893586  5
0.01190476 0.01190476 0.01190476 0.01190476 0.01190476 0.01190476 0.01190476 0.01190476 0.01190476 0.01190476 0.01190476 0.01190476 0.01190476 0.01190476 0.01190476 0.01190476 0.01190476 0.01190476 0.01190476 0.01190476 0.01190476 0.01190476 0.01190476 0.01190476 0.01190476 0.01190476 0.01190476 0.01190476 0.01190476 0.01190476 0.01190476 0.01190476 0.01190476 0.01190476 0.01190476 0.01190476 0.01190476 0.01190476 0.01190476 0.01190476 0.01190476 0.01190476 0.01190476 0.01190476 0.01190476 0.01190476 0.01190476 0.01190476 0.01190476 0.01190476 0.01190476 0.01190476 0.01190476 0.01190476 0.01190476 0.01190476 0.01190476 0.01190476 0.01190476 0.01190476 0.01190476 0.01190476 0.01190476 0.01190476 0.01190476 0.01190476 0.01190476 0.01190476 0.01190476 0.01190476 0.01190476 0.01190476 0.01190476 0.01190476 0.01190476 0.01190476 0.01190476 0.01190476 0.01190476 0.01190476 0.01190476 0.01190476 0.01190476 0.01190476
0.2   0.3
20   30
15  111  0.9  0.2   0.3  100
870.2626 870.8079 869.0097 868.4163 868.4165 869.1727 869.0687 869.641 874.875 873.7529 871.5533 874.3871 869.8052 869.3882 869.0094 869.4463 869.5381 871.055 870.9639 868.8658 870.7283 870.0397 868.9977 869.4155 870.2274 869.3718 868.8145 868.4523 868.6087 868.938 868.9019 868.8903 870.4877 868.8094 870.3213 869.9774 870.9197 868.7643 868.4242 868.4297 868.4487 868.714 868.5326 868.9919 869.0617 869.0165 868.54 868.6942 868.7577 868.8679 868.7377 868.2073 868.3506 868.539 868.6129 868.8655 868.6843 868.5816 868.885 870.1158 870.6874 869.0671 869.3487 868.8667 870.629 870.1947 869.1397 868.8777 869.305 871.9755 875.104 875.5684 872.7048 874.3425 869.3023 868.3827 868.5348 869.8477 869.001 868.8729 869.5583 869.2219 869.4723 871.2587
0
0.01
8
FtLoudoun H
8  4  1   1   2
5   1
3   8
0.9  20000   5   10  0   3936.381862  5
0.01190476 0.01190476 0.01190476 0.01190476 0.01190476 0.01190476 0.01190476 0.01190476 0.01190476 0.01190476 0.01190476 0.01190476 0.01190476 0.01190476 0.01190476 0.01190476 0.01190476 0.01190476 0.01190476 0.01190476 0.01190476 0.01190476 0.01190476 0.01190476 0.01190476 0.01190476 0.01190476 0.01190476 0.01190476 0.01190476 0.01190476 0.01190476 0.01190476 0.01190476 0.01190476 0.01190476 0.01190476 0.01190476 0.01190476 0.01190476 0.01190476 0.01190476 0.01190476 0.01190476 0.01190476 0.01190476 0.01190476 0.01190476 0.01190476 0.01190476 0.01190476 0.01190476 0.01190476 0.01190476 0.01190476 0.01190476 0.01190476 0.01190476 0.01190476 0.01190476 0.01190476 0.01190476 0.01190476 0.01190476 0.01190476 0.01190476 0.01190476 0.01190476 0.01190476 0.01190476 0.01190476 0.01190476 0.01190476 0.01190476 0.01190476 0.01190476 0.01190476 0.01190476 0.01190476 0.01190476 0.01190476 0.01190476 0.01190476 0.01190476
0.2   0.3
20   30
15  164  0.9  0.2   0.3  100
739.4535 739.6117 738.0248 739.403 740.7342 741.759 741.3323 741.2345 743.7267 742.3403 742.3977 743.7813 739.99 738.2332 737.9287 739.283 740.1629 741.9563 742.011 741.5594 741.966 740.9271 738.2687 737.6568 738.8942 737.9643 736.2823 739.6827 740.059 740.7713 740.7997 741.0839 741.1723 741.0152 741.594 737.4416 739.0981 736.1982 736.9629 738.5667 741.1842 739.8497 740.3839 740.441 740.5103 739.9435 739.3187 736.6329 736.309 737.3021 737.4623 738.7187 739.9355 740.5317 740.2497 740.2442 740.271 739.8461 738.3523 739.1771 740.8877 737.5011 738.191 739.587 741.2742 741.373 740.7226 740.5352 741.0147 742.4497 743.3433 743.8097 741.4781 742.8261 737.2016 738.944 740.571 740.3837 741.0684 740.6152 740.0863 740.3203 738.935 740.0661
0
0.01
9
Fontana H
9  4  1   1   2
5   1
3   9
0.9  20000   5   10  0   707.3415172  5
0.01190476 0.01190476 0.01190476 0.01190476 0.01190476 0.01190476 0.01190476 0.01190476 0.01190476 0.01190476 0.01190476 0.01190476 0.01190476 0.01190476 0.01190476 0.01190476 0.01190476 0.01190476 0.01190476 0.01190476 0.01190476 0.01190476 0.01190476 0.01190476 0.01190476 0.01190476 0.01190476 0.01190476 0.01190476 0.01190476 0.01190476 0.01190476 0.01190476 0.01190476 0.01190476 0.01190476 0.01190476 0.01190476 0.01190476 0.01190476 0.01190476 0.01190476 0.01190476 0.01190476 0.01190476 0.01190476 0.01190476 0.01190476 0.01190476 0.01190476 0.01190476 0.01190476 0.01190476 0.01190476 0.01190476 0.01190476 0.01190476 0.01190476 0.01190476 0.01190476 0.01190476 0.01190476 0.01190476 0.01190476 0.01190476 0.01190476 0.01190476 0.01190476 0.01190476 0.01190476 0.01190476 0.01190476 0.01190476 0.01190476 0.01190476 0.01190476 0.01190476 0.01190476 0.01190476 0.01190476 0.01190476 0.01190476 0.01190476 0.01190476
0.2   0.3
20   30
15  304  0.9  0.2   0.3  100
1276.841 1275.869 1275.472 1275.057 1274.086 1273.78 1274.76 1275.766 1279.443 1276.604 1279.544 1280.19 1276.506 1276.398 1276.133 1275.376 1275.048 1277.832 1278.064 1276.144 1277.727 1275.115 1275.122 1275.373 1276.726 1275.806 1274.411 1274.68 1274.304 1273.674 1274.416 1274.465 1275.241 1274.787 1276.446 1275.475 1276.169 1274.868 1274.887 1275.117 1274.907 1275.179 1274.855 1275.439 1274.545 1274.372 1274.164 1274.66 1274.717 1274.938 1274.099 1274.526 1274.153 1274.075 1274.171 1274.41 1274.77 1274.594 1274.55 1275.933 1276.547 1274.253 1275.087 1275.244 1275.65 1274.912 1273.944 1274.014 1278.326 1278.874 1279.777 1280.395 1278.578 1279.332 1275.513 1274.261 1274.67 1274.34 1274.403 1274.351 1274.78 1274.653 1274.394 1275.853
0
0.01
10
Norris H
10  4  1   1   2
3   11
3   10
0.9  20000   5   10  0   809.9456552 5
0.01190476 0.01190476 0.01190476 0.01190476 0.01190476 0.01190476 0.01190476 0.01190476 0.01190476 0.01190476 0.01190476 0.01190476 0.01190476 0.01190476 0.01190476 0.01190476 0.01190476 0.01190476 0.01190476 0.01190476 0.01190476 0.01190476 0.01190476 0.01190476 0.01190476 0.01190476 0.01190476 0.01190476 0.01190476 0.01190476 0.01190476 0.01190476 0.01190476 0.01190476 0.01190476 0.01190476 0.01190476 0.01190476 0.01190476 0.01190476 0.01190476 0.01190476 0.01190476 0.01190476 0.01190476 0.01190476 0.01190476 0.01190476 0.01190476 0.01190476 0.01190476 0.01190476 0.01190476 0.01190476 0.01190476 0.01190476 0.01190476 0.01190476 0.01190476 0.01190476 0.01190476 0.01190476 0.01190476 0.01190476 0.01190476 0.01190476 0.01190476 0.01190476 0.01190476 0.01190476 0.01190476 0.01190476 0.01190476 0.01190476 0.01190476 0.01190476 0.01190476 0.01190476 0.01190476 0.01190476 0.01190476 0.01190476 0.01190476 0.01190476
0.2   0.3
20   30
15  110  0.9  0.2   0.3  100
827.3787 825.8134 823.3274 822.568 822.7297 826.7193 823.0587 824.8168 824.895 824.5932 826.2107 828.6919 827.329 825.5325 824.0374 823.627 825.1042 822.0613 821.9329 824.4403 825.7823 825.0223 823.162 822.8994 823.28 823.3461 822.3426 821.9187 824.169 822.252 823.2371 826.2555 823.1157 823.0526 823.0507 823.05 823.05 822.2296 821.3974 821.493 821.42 822.3777 824.5474 825.641 821.0643 821.8513 821.262 821.5045 821.3335 821.3431 821.3965 821.6433 821.3668 821.3183 821.8352 823.8813 821.7967 821.1916 821.1983 822.8081 826.2594 824.1371 823.0426 821.542 825.1529 822.3993 821.8984 824.6761 822.6737 823.8745 825.1013 827.1352 826.5948 828.3811 821.9242 821.3897 821.7939 823.5433 822.0316 824.9003 822.5783 821.6371 823.4447 826.21
0
0.01
11
MeltonH H
11  4  1   1   2
5   1
3   11
0.9  20000   5   10  0   984.7494483 5
0.01190476 0.01190476 0.01190476 0.01190476 0.01190476 0.01190476 0.01190476 0.01190476 0.01190476 0.01190476 0.01190476 0.01190476 0.01190476 0.01190476 0.01190476 0.01190476 0.01190476 0.01190476 0.01190476 0.01190476 0.01190476 0.01190476 0.01190476 0.01190476 0.01190476 0.01190476 0.01190476 0.01190476 0.01190476 0.01190476 0.01190476 0.01190476 0.01190476 0.01190476 0.01190476 0.01190476 0.01190476 0.01190476 0.01190476 0.01190476 0.01190476 0.01190476 0.01190476 0.01190476 0.01190476 0.01190476 0.01190476 0.01190476 0.01190476 0.01190476 0.01190476 0.01190476 0.01190476 0.01190476 0.01190476 0.01190476 0.01190476 0.01190476 0.01190476 0.01190476 0.01190476 0.01190476 0.01190476 0.01190476 0.01190476 0.01190476 0.01190476 0.01190476 0.01190476 0.01190476 0.01190476 0.01190476 0.01190476 0.01190476 0.01190476 0.01190476 0.01190476 0.01190476 0.01190476 0.01190476 0.01190476 0.01190476 0.01190476 0.01190476
0.2   0.3
20   30
15  79  0.9  0.2   0.3  100
737.5852 737.7014 737.1968 739.5037 740.7484 741.136 740.821 740.68 740.9063 740.2742 740.1873 740.1458 737.1271 736.9493 736.6397 739.0677 741.011 741.1133 740.9252 740.9813 740.745 740.7174 737.7447 735.9052 736.9529 736.3282 736.2716 739.7663 740.1335 740.5423 740.6052 740.7981 740.64 740.5435 739.132 736.2694 737.1558 736.2514 737.1694 738.6673 741.169 740.0737 740.3587 740.2887 740.236 740.1419 739.391 736.6645 736.3184 737.0617 737.4035 739.074 740.1368 740.413 740.3135 740.3481 740.4807 740.3058 738.6273 738.2481 739.7594 737.4836 738.0239 739.7333 741.3048 741.2313 740.8965 740.4629 740.719 740.9642 739.3253 738.9632 738.8023 739.725 736.8958 739.173 740.8245 740.7393 740.6574 740.7865 740.6327 740.5842 738.5667 738.0732
0
0.01
12
WattsBar H
12  4  1   1   2
5   2
3   12
0.9  20000   5   10  0   5853.177655  5
0.01190476 0.01190476 0.01190476 0.01190476 0.01190476 0.01190476 0.01190476 0.01190476 0.01190476 0.01190476 0.01190476 0.01190476 0.01190476 0.01190476 0.01190476 0.01190476 0.01190476 0.01190476 0.01190476 0.01190476 0.01190476 0.01190476 0.01190476 0.01190476 0.01190476 0.01190476 0.01190476 0.01190476 0.01190476 0.01190476 0.01190476 0.01190476 0.01190476 0.01190476 0.01190476 0.01190476 0.01190476 0.01190476 0.01190476 0.01190476 0.01190476 0.01190476 0.01190476 0.01190476 0.01190476 0.01190476 0.01190476 0.01190476 0.01190476 0.01190476 0.01190476 0.01190476 0.01190476 0.01190476 0.01190476 0.01190476 0.01190476 0.01190476 0.01190476 0.01190476 0.01190476 0.01190476 0.01190476 0.01190476 0.01190476 0.01190476 0.01190476 0.01190476 0.01190476 0.01190476 0.01190476 0.01190476 0.01190476 0.01190476 0.01190476 0.01190476 0.01190476 0.01190476 0.01190476 0.01190476 0.01190476 0.01190476 0.01190476 0.01190476
0.2   0.3
20   30
15  182  0.9  0.2   0.3  100
680.6229 680.7531 679.0919 679.8793 682.2281 682.9997 682.44 682.4223 683.9527 681.5555 682.804 684.8935 681.0719 679.1554 678.0313 680.7273 682.6539 682.8827 682.7897 682.8274 682.5623 680.6481 677.3463 677.5526 679.3694 678.4839 676.739 680.6907 681.8997 682.3607 682.5661 682.8177 682.7443 681.31 682.0887 678.1542 679.4416 676.9046 677.4106 679.5337 682.3277 682.27 682.3197 682.6039 681.7027 680.3948 678.2453 677.5884 676.9519 677.67 678.1677 679.8827 682.4297 682.1017 681.901 681.9623 681.5687 679.6377 677.4783 679.3726 680.9603 678.2514 679.0865 680.8583 683.5348 682.335 682.0506 682.071 682.305 682.1145 682.0773 683.6213 681.4929 682.8311 677.6745 679.9637 682.6226 682.0727 682.3729 682.3219 681.5197 679.7487 678.6777 680.351
0
0.01
13
Chatuge H
13  4  1   1   2
3   15
3   13
0.9  20000   5   10  0   109.0885517  5
0.01190476 0.01190476 0.01190476 0.01190476 0.01190476 0.01190476 0.01190476 0.01190476 0.01190476 0.01190476 0.01190476 0.01190476 0.01190476 0.01190476 0.01190476 0.01190476 0.01190476 0.01190476 0.01190476 0.01190476 0.01190476 0.01190476 0.01190476 0.01190476 0.01190476 0.01190476 0.01190476 0.01190476 0.01190476 0.01190476 0.01190476 0.01190476 0.01190476 0.01190476 0.01190476 0.01190476 0.01190476 0.01190476 0.01190476 0.01190476 0.01190476 0.01190476 0.01190476 0.01190476 0.01190476 0.01190476 0.01190476 0.01190476 0.01190476 0.01190476 0.01190476 0.01190476 0.01190476 0.01190476 0.01190476 0.01190476 0.01190476 0.01190476 0.01190476 0.01190476 0.01190476 0.01190476 0.01190476 0.01190476 0.01190476 0.01190476 0.01190476 0.01190476 0.01190476 0.01190476 0.01190476 0.01190476 0.01190476 0.01190476 0.01190476 0.01190476 0.01190476 0.01190476 0.01190476 0.01190476 0.01190476 0.01190476 0.01190476 0.01190476
0.2   0.3
20   30
15  13  0.9  0.2   0.3  100
1802.825 1802.619 1802.064 1802.062 1802.222 1804.801 1805.341 1805.022 1805.339 1803.938 1803.096 1804.855 1804.054 1803.724 1803.293 1802.91 1803.219 1804.35 1803.724 1803.373 1803.765 1802.925 1802.188 1803.032 1803.381 1801.975 1799.08 1801.742 1802.732 1802.828 1802.264 1802.134 1802.2 1803.567 1805.049 1802.746 1803.021 1802.131 1802.416 1802.512 1802.161 1802.147 1802.265 1802.34 1802.229 1802.152 1802.45 1802.696 1802.514 1802.498 1802.5 1802.321 1802.125 1802.112 1802.388 1802.641 1802.149 1802.205 1802.182 1802.724 1802.728 1802.182 1802.318 1802.267 1802.298 1802.667 1802.118 1802.105 1803.416 1805.432 1805.419 1805.429 1805.417 1805.421 1804.644 1801.434 1802.728 1802.187 1802.118 1802.331 1802.101 1802.301 1802.357 1801.882
0
0.01
14
Nottely H
14  4  1   1   2
3   15
3   14
0.9  20000   5   10  0   184.1670345  5
0.01190476 0.01190476 0.01190476 0.01190476 0.01190476 0.01190476 0.01190476 0.01190476 0.01190476 0.01190476 0.01190476 0.01190476 0.01190476 0.01190476 0.01190476 0.01190476 0.01190476 0.01190476 0.01190476 0.01190476 0.01190476 0.01190476 0.01190476 0.01190476 0.01190476 0.01190476 0.01190476 0.01190476 0.01190476 0.01190476 0.01190476 0.01190476 0.01190476 0.01190476 0.01190476 0.01190476 0.01190476 0.01190476 0.01190476 0.01190476 0.01190476 0.01190476 0.01190476 0.01190476 0.01190476 0.01190476 0.01190476 0.01190476 0.01190476 0.01190476 0.01190476 0.01190476 0.01190476 0.01190476 0.01190476 0.01190476 0.01190476 0.01190476 0.01190476 0.01190476 0.01190476 0.01190476 0.01190476 0.01190476 0.01190476 0.01190476 0.01190476 0.01190476 0.01190476 0.01190476 0.01190476 0.01190476 0.01190476 0.01190476 0.01190476 0.01190476 0.01190476 0.01190476 0.01190476 0.01190476 0.01190476 0.01190476 0.01190476 0.01190476
0.2   0.3
20   30
15  18  0.9  0.2   0.3  100
1607.635 1607.02 1607.029 1607.042 1607.046 1607.05 1607.032 1609.775 1611.33 1610.225 1613.789 1616.209 1612.25 1607.225 1607.058 1607.065 1607.067 1608.042 1609.373 1608.82 1607.389 1608.048 1606.298 1607.789 1608.803 1607.57 1607.421 1607.117 1607.105 1607.074 1607.01 1607.069 1607.073 1607.205 1611.461 1611.467 1610.346 1607.686 1608.386 1608.428 1607.906 1608.038 1607.711 1607.219 1607.083 1606.993 1606.928 1607.225 1607.291 1607.232 1607.065 1607.144 1607.119 1608.328 1607.227 1607.288 1607.143 1607.173 1607.222 1607.334 1607.189 1607.075 1607.055 1607.117 1607.112 1607.151 1607.116 1606.993 1607.431 1607.147 1608.314 1608.435 1608.441 1607.809 1607.102 1607.116 1607.199 1607.188 1607.177 1607.421 1607.186 1607.084 1606.123 1609.399
0
0.01
15
Hiwassee H
15  4  1   1   2
3   16
3   15
0.9  20000   5   10  0   369.110069 5
0.01190476 0.01190476 0.01190476 0.01190476 0.01190476 0.01190476 0.01190476 0.01190476 0.01190476 0.01190476 0.01190476 0.01190476 0.01190476 0.01190476 0.01190476 0.01190476 0.01190476 0.01190476 0.01190476 0.01190476 0.01190476 0.01190476 0.01190476 0.01190476 0.01190476 0.01190476 0.01190476 0.01190476 0.01190476 0.01190476 0.01190476 0.01190476 0.01190476 0.01190476 0.01190476 0.01190476 0.01190476 0.01190476 0.01190476 0.01190476 0.01190476 0.01190476 0.01190476 0.01190476 0.01190476 0.01190476 0.01190476 0.01190476 0.01190476 0.01190476 0.01190476 0.01190476 0.01190476 0.01190476 0.01190476 0.01190476 0.01190476 0.01190476 0.01190476 0.01190476 0.01190476 0.01190476 0.01190476 0.01190476 0.01190476 0.01190476 0.01190476 0.01190476 0.01190476 0.01190476 0.01190476 0.01190476 0.01190476 0.01190476 0.01190476 0.01190476 0.01190476 0.01190476 0.01190476 0.01190476 0.01190476 0.01190476 0.01190476 0.01190476
0.2   0.3
20   30
15  141  0.9  0.2   0.3  100
1277.586 1277.84 1277.655 1277.779 1277.54 1277.255 1278.241 1278.401 1277.701 1277.776 1277.694 1277.146 1277.589 1277.103 1277.205 1277.315 1277.748 1277.135 1277.189 1277.754 1278.169 1278.067 1278.245 1278.252 1277.962 1277.692 1277.715 1278.073 1277.686 1277.938 1277.78 1277.406 1277.184 1276.836 1276.476 1276.948 1277.312 1277.131 1277.488 1277.447 1277.43 1277.271 1277.19 1277.124 1277.397 1277.235 1277.586 1277.39 1277.318 1276.92 1277.104 1277.802 1277.756 1278.041 1277.924 1277.595 1278.296 1278.061 1277.868 1278.293 1277.964 1277.929 1277.863 1278.222 1278.447 1278.25 1278.046 1278.229 1277.842 1276.821 1277.772 1277.797 1278.234 1278.922 1278.224 1277.966 1278.491 1277.813 1278.25 1277.977 1277.708 1278.505 1278.582 1278.289
0
0.01
16
Apalachia H
16  4  1   1   2
5   2
3   16
0.9  20000   5   10  0   358.1884828  5
0.01190476 0.01190476 0.01190476 0.01190476 0.01190476 0.01190476 0.01190476 0.01190476 0.01190476 0.01190476 0.01190476 0.01190476 0.01190476 0.01190476 0.01190476 0.01190476 0.01190476 0.01190476 0.01190476 0.01190476 0.01190476 0.01190476 0.01190476 0.01190476 0.01190476 0.01190476 0.01190476 0.01190476 0.01190476 0.01190476 0.01190476 0.01190476 0.01190476 0.01190476 0.01190476 0.01190476 0.01190476 0.01190476 0.01190476 0.01190476 0.01190476 0.01190476 0.01190476 0.01190476 0.01190476 0.01190476 0.01190476 0.01190476 0.01190476 0.01190476 0.01190476 0.01190476 0.01190476 0.01190476 0.01190476 0.01190476 0.01190476 0.01190476 0.01190476 0.01190476 0.01190476 0.01190476 0.01190476 0.01190476 0.01190476 0.01190476 0.01190476 0.01190476 0.01190476 0.01190476 0.01190476 0.01190476 0.01190476 0.01190476 0.01190476 0.01190476 0.01190476 0.01190476 0.01190476 0.01190476 0.01190476 0.01190476 0.01190476 0.01190476
0.2   0.3
20   30
15  82  0.9  0.2   0.3  100
839.8332 839.3959 838.6397 837.794 837.8074 837.9073 837.7255 838.9135 840.493 840.0255 840.596 841.4055 840.2913 840.3064 839.8948 839.0647 838.0965 840.0567 840.6519 840.599 840.1967 839.5997 838.569 839.8235 840.4819 839.9361 838.0829 837.8003 837.5371 837.3707 837.2752 837.7374 838.405 839.7261 839.505 838.3742 840.2058 838.1814 837.719 837.5407 837.3106 838.2897 837.6565 838.5135 837.3597 837.1448 837.194 837.3174 837.3352 837.8252 837.9416 837.515 837.3816 837.212 837.2335 838.5719 837.209 837.2016 837.2383 838.899 839.6506 837.9096 837.9839 837.7377 838.809 838.4863 838.4068 839.4429 839.665 840.1726 841.0087 840.9587 840.7587 840.7754 839.3374 837.8157 837.8113 838.6467 837.6352 839.2 838.1843 838.2445 838.407 839.9677
0
0.01
17
BlueRidge H
17  4  1   1   2
3   18
3   17
0.9  20000   5   10  0   184.1670345  5
0.01190476 0.01190476 0.01190476 0.01190476 0.01190476 0.01190476 0.01190476 0.01190476 0.01190476 0.01190476 0.01190476 0.01190476 0.01190476 0.01190476 0.01190476 0.01190476 0.01190476 0.01190476 0.01190476 0.01190476 0.01190476 0.01190476 0.01190476 0.01190476 0.01190476 0.01190476 0.01190476 0.01190476 0.01190476 0.01190476 0.01190476 0.01190476 0.01190476 0.01190476 0.01190476 0.01190476 0.01190476 0.01190476 0.01190476 0.01190476 0.01190476 0.01190476 0.01190476 0.01190476 0.01190476 0.01190476 0.01190476 0.01190476 0.01190476 0.01190476 0.01190476 0.01190476 0.01190476 0.01190476 0.01190476 0.01190476 0.01190476 0.01190476 0.01190476 0.01190476 0.01190476 0.01190476 0.01190476 0.01190476 0.01190476 0.01190476 0.01190476 0.01190476 0.01190476 0.01190476 0.01190476 0.01190476 0.01190476 0.01190476 0.01190476 0.01190476 0.01190476 0.01190476 0.01190476 0.01190476 0.01190476 0.01190476 0.01190476 0.01190476
0.2   0.3
20   30
15  13  0.9  0.2   0.3  100
1540.682 1540.645 1540.69 1540.713 1540.689 1540.731 1540.738 1540.832 1541.33 1540.927 1540.789 1542.833 1541.078 1540.765 1540.775 1541.229 1540.537 1541.665 1542.65 1542.78 1541.513 1540.918 1540.918 1540.99 1540.884 1540.902 1540.766 1540.752 1540.798 1540.797 1540.794 1540.79 1540.88 1540.809 1540.835 1540.798 1540.849 1540.813 1540.84 1540.859 1540.987 1541.678 1543.563 1540.739 1540.712 1540.731 1540.796 1540.798 1540.784 1540.772 1540.767 1540.766 1540.749 1540.743 1540.832 1540.825 1540.838 1540.836 1540.887 1540.915 1541.618 1540.818 1540.824 1540.874 1541.086 1540.849 1540.977 1540.882 1541.764 1541.032 1542.589 1543.15 1541.633 1542.14 1541.055 1540.901 1540.982 1540.923 1542.212 1543.033 1541.413 1541.868 1541.303 1541.755
0
0.01
18
Ocoee3 H
18  4  1   1   2
3   19
3   18
0.9  20000   5   10  0   277.1497931  5
0.01190476 0.01190476 0.01190476 0.01190476 0.01190476 0.01190476 0.01190476 0.01190476 0.01190476 0.01190476 0.01190476 0.01190476 0.01190476 0.01190476 0.01190476 0.01190476 0.01190476 0.01190476 0.01190476 0.01190476 0.01190476 0.01190476 0.01190476 0.01190476 0.01190476 0.01190476 0.01190476 0.01190476 0.01190476 0.01190476 0.01190476 0.01190476 0.01190476 0.01190476 0.01190476 0.01190476 0.01190476 0.01190476 0.01190476 0.01190476 0.01190476 0.01190476 0.01190476 0.01190476 0.01190476 0.01190476 0.01190476 0.01190476 0.01190476 0.01190476 0.01190476 0.01190476 0.01190476 0.01190476 0.01190476 0.01190476 0.01190476 0.01190476 0.01190476 0.01190476 0.01190476 0.01190476 0.01190476 0.01190476 0.01190476 0.01190476 0.01190476 0.01190476 0.01190476 0.01190476 0.01190476 0.01190476 0.01190476 0.01190476 0.01190476 0.01190476 0.01190476 0.01190476 0.01190476 0.01190476 0.01190476 0.01190476 0.01190476 0.01190476
0.2   0.3
20   30
15  29  0.9  0.2   0.3  100
1117.863 1119.026 1116.834 1116.338 1115.979 1116.101 1117.413 1117.667 1120.003 1119.088 1120.227 1123.214 1120.389 1119.751 1120.457 1121.55 1124.213 1127.554 1129.981 1129.995 1128.812 1128.024 1128.341 1129.6 1130.105 1129.946 1129.058 1128.765 1128.817 1117.77 1115.192 1114.578 1116.24 1115.95 1117.091 1116.482 1119.101 1116.238 1115.262 1114.767 1115.036 1115.644 1114.449 1114.585 1114.632 1114.841 1115.395 1115.287 1115.824 1116.139 1116.312 1115.525 1115.067 1115.046 1114.616 1114.775 1114.366 1114.891 1115.2 1117.863 1119.445 1117.767 1116.578 1118.047 1119.02 1116.328 1115.225 1115.295 1117.625 1119.294 1120.53 1121.427 1120.134 1121.414 1118.975 1118.256 1118.007 1116.986 1118.409 1119.452 1115.85 1115.732 1115.941 1117.194
0
0.01
19
Ocoee1 H
19  4  1   1   2
5   2
3   19
0.9  20000   5   10  0   307.6303448 5
0.01190476 0.01190476 0.01190476 0.01190476 0.01190476 0.01190476 0.01190476 0.01190476 0.01190476 0.01190476 0.01190476 0.01190476 0.01190476 0.01190476 0.01190476 0.01190476 0.01190476 0.01190476 0.01190476 0.01190476 0.01190476 0.01190476 0.01190476 0.01190476 0.01190476 0.01190476 0.01190476 0.01190476 0.01190476 0.01190476 0.01190476 0.01190476 0.01190476 0.01190476 0.01190476 0.01190476 0.01190476 0.01190476 0.01190476 0.01190476 0.01190476 0.01190476 0.01190476 0.01190476 0.01190476 0.01190476 0.01190476 0.01190476 0.01190476 0.01190476 0.01190476 0.01190476 0.01190476 0.01190476 0.01190476 0.01190476 0.01190476 0.01190476 0.01190476 0.01190476 0.01190476 0.01190476 0.01190476 0.01190476 0.01190476 0.01190476 0.01190476 0.01190476 0.01190476 0.01190476 0.01190476 0.01190476 0.01190476 0.01190476 0.01190476 0.01190476 0.01190476 0.01190476 0.01190476 0.01190476 0.01190476 0.01190476 0.01190476 0.01190476
0.2   0.3
20   30
15  24  0.9  0.2   0.3  100
723.2848 723.2348 723.2026 723.1607 723.0923 718.9853 713.5758 713.7481 715.2283 713.6239 715.1957 716.7397 713.9019 714.3718 713.8281 714.639 713.6274 713.963 715.8442 714.5023 712.4953 713.3823 713.8427 714.1435 714.1548 713.895 713.5571 713.5183 713.6184 713.4513 713.43 713.4745 713.6557 713.7155 714.1287 713.7871 713.5984 713.5696 713.6152 713.647 713.6026 713.4427 713.4655 713.5603 713.4093 713.6977 713.625 713.631 714.0771 713.3097 713.8503 713.6573 713.7326 713.4883 713.4268 713.8306 713.5383 713.6052 713.5677 715.4652 715.6461 713.7657 713.4926 714.4307 715.6781 713.9747 713.6894 713.8216 715.391 714.0135 715.8277 717.0584 715.6613 716.9232 714.9855 714.7843 714.0506 713.5657 714.7223 714.2571 713.541 713.4571 713.706 714.0903
0
0.01
20
Chikamauga H
20  4  1   1   2
5   3
3   20
0.9  20000   5   10  0   7500.936621 5
0.01190476 0.01190476 0.01190476 0.01190476 0.01190476 0.01190476 0.01190476 0.01190476 0.01190476 0.01190476 0.01190476 0.01190476 0.01190476 0.01190476 0.01190476 0.01190476 0.01190476 0.01190476 0.01190476 0.01190476 0.01190476 0.01190476 0.01190476 0.01190476 0.01190476 0.01190476 0.01190476 0.01190476 0.01190476 0.01190476 0.01190476 0.01190476 0.01190476 0.01190476 0.01190476 0.01190476 0.01190476 0.01190476 0.01190476 0.01190476 0.01190476 0.01190476 0.01190476 0.01190476 0.01190476 0.01190476 0.01190476 0.01190476 0.01190476 0.01190476 0.01190476 0.01190476 0.01190476 0.01190476 0.01190476 0.01190476 0.01190476 0.01190476 0.01190476 0.01190476 0.01190476 0.01190476 0.01190476 0.01190476 0.01190476 0.01190476 0.01190476 0.01190476 0.01190476 0.01190476 0.01190476 0.01190476 0.01190476 0.01190476 0.01190476 0.01190476 0.01190476 0.01190476 0.01190476 0.01190476 0.01190476 0.01190476 0.01190476 0.01190476
0.2   0.3
20   30
15  119  0.9  0.2   0.3  100
638.1713 638.6134 635.9826 633.429 633.589 636.392 635.1658 635.35 639.821 637.2935 639.7723 644.0335 638.6258 637.3514 635.7577 635.982 634.3335 636.088 636.9235 636.529 636.6053 635.3116 634.7737 635.241 637.0568 635.8675 633.751 634.4353 634.1294 634.167 634.3087 634.9294 635.333 635.73 638.1233 635.0742 637.1368 634.4254 634.2558 633.8257 633.8755 634.0467 633.9616 635.2052 634.021 633.6842 633.8017 633.9684 633.9439 635.3041 635.5177 633.9907 633.9029 634.3077 634.3745 635.9658 634.0793 634.1332 633.9227 637.4084 639.8613 636.1411 635.8177 634.7857 637.7894 635.6177 634.4729 636.1119 637.055 639.0994 641.087 643.8232 640.8616 642.8146 635.9213 634.0943 635.289 634.683 634.4671 636.2023 635.2407 635.0026 636.1933 638.4658
0
0.01
21
RacoonMt H
22  4  1   1   2
5   3
3   21
0.9  20000   5   10  0   481.3978621 5
0.01190476 0.01190476 0.01190476 0.01190476 0.01190476 0.01190476 0.01190476 0.01190476 0.01190476 0.01190476 0.01190476 0.01190476 0.01190476 0.01190476 0.01190476 0.01190476 0.01190476 0.01190476 0.01190476 0.01190476 0.01190476 0.01190476 0.01190476 0.01190476 0.01190476 0.01190476 0.01190476 0.01190476 0.01190476 0.01190476 0.01190476 0.01190476 0.01190476 0.01190476 0.01190476 0.01190476 0.01190476 0.01190476 0.01190476 0.01190476 0.01190476 0.01190476 0.01190476 0.01190476 0.01190476 0.01190476 0.01190476 0.01190476 0.01190476 0.01190476 0.01190476 0.01190476 0.01190476 0.01190476 0.01190476 0.01190476 0.01190476 0.01190476 0.01190476 0.01190476 0.01190476 0.01190476 0.01190476 0.01190476 0.01190476 0.01190476 0.01190476 0.01190476 0.01190476 0.01190476 0.01190476 0.01190476 0.01190476 0.01190476 0.01190476 0.01190476 0.01190476 0.01190476 0.01190476 0.01190476 0.01190476 0.01190476 0.01190476 0.01190476
0.2   0.3
20   30
15  1653  0.9  0.2   0.3  100
633.5903 633.6931 633.6332 633.6947 633.7068 633.7687 633.9981 633.9503 633.8697 633.9935 634.243 633.9806 633.3365 633.4396 633.3306 633.8793 633.9177 633.7403 633.4171 633.7168 633.4877 633.5842 633.524 633.6423 633.6781 633.7064 633.5894 633.6307 633.4058 633.3907 633.4555 633.0897 633.3637 633.74 633.6383 633.5874 633.4252 633.3854 633.531 633.4893 633.4755 633.5983 633.46 633.36 633.3983 633.4703 633.5757 633.7077 633.6232 633.7372 633.5829 633.4833 633.6377 633.5243 633.5874 633.6687 633.328 633.4632 633.473 633.5097 633.5335 633.8529 633.7894 633.632 633.6881 633.6043 633.6387 633.6355 633.544 633.7819 633.3823 633.2255 633.3935 633.1936 633.6887 633.422 633.4339 633.427 633.4858 633.5248 633.576 633.5339 633.6273 633.4471
0
0.01
22
Nikajack H
20  4  1   1   2
5   4
3   22
0.9  20000   5   10  0   7853.84869 5
0.01190476 0.01190476 0.01190476 0.01190476 0.01190476 0.01190476 0.01190476 0.01190476 0.01190476 0.01190476 0.01190476 0.01190476 0.01190476 0.01190476 0.01190476 0.01190476 0.01190476 0.01190476 0.01190476 0.01190476 0.01190476 0.01190476 0.01190476 0.01190476 0.01190476 0.01190476 0.01190476 0.01190476 0.01190476 0.01190476 0.01190476 0.01190476 0.01190476 0.01190476 0.01190476 0.01190476 0.01190476 0.01190476 0.01190476 0.01190476 0.01190476 0.01190476 0.01190476 0.01190476 0.01190476 0.01190476 0.01190476 0.01190476 0.01190476 0.01190476 0.01190476 0.01190476 0.01190476 0.01190476 0.01190476 0.01190476 0.01190476 0.01190476 0.01190476 0.01190476 0.01190476 0.01190476 0.01190476 0.01190476 0.01190476 0.01190476 0.01190476 0.01190476 0.01190476 0.01190476 0.01190476 0.01190476 0.01190476 0.01190476 0.01190476 0.01190476 0.01190476 0.01190476 0.01190476 0.01190476 0.01190476 0.01190476 0.01190476 0.01190476
0.2   0.3
20   30
15  105  0.9  0.2   0.3  100
598.4061 598.97 597.0984 594.4193 594.6132 596.7463 596.8684 596.6068 600.1837 597.2203 599.9083 604.6035 598.5323 597.7229 596.6216 596.766 595.7529 596.8383 598.0148 596.6584 597.2887 596.0461 595.248 595.8261 597.3871 596.5818 594.8774 595.6327 595.279 594.615 594.7506 595.8032 595.6637 596.0145 598.3567 595.4171 597.5623 594.6054 594.4097 594.6543 594.5571 594.8807 594.5058 595.3703 594.3777 594.3597 594.4657 594.3003 595.4429 596.1272 596.2474 595.2113 594.42 594.4077 594.4277 595.9348 594.517 594.129 593.669 597.5803 598.8639 595.6754 595.85 595.776 598.7026 596.541 595.3542 596.5097 597.382 598.1955 600.097 603.1552 600.1697 602.1204 595.9694 594.8737 595.7523 594.6727 594.2916 595.57 595.2607 594.6048 595.0877 597.8565
0
0.01
23
Guntersville H
23  4  1   1   2
3   25
3   23
0.9  20000   5   10  0   9206.627724  5
0.01190476 0.01190476 0.01190476 0.01190476 0.01190476 0.01190476 0.01190476 0.01190476 0.01190476 0.01190476 0.01190476 0.01190476 0.01190476 0.01190476 0.01190476 0.01190476 0.01190476 0.01190476 0.01190476 0.01190476 0.01190476 0.01190476 0.01190476 0.01190476 0.01190476 0.01190476 0.01190476 0.01190476 0.01190476 0.01190476 0.01190476 0.01190476 0.01190476 0.01190476 0.01190476 0.01190476 0.01190476 0.01190476 0.01190476 0.01190476 0.01190476 0.01190476 0.01190476 0.01190476 0.01190476 0.01190476 0.01190476 0.01190476 0.01190476 0.01190476 0.01190476 0.01190476 0.01190476 0.01190476 0.01190476 0.01190476 0.01190476 0.01190476 0.01190476 0.01190476 0.01190476 0.01190476 0.01190476 0.01190476 0.01190476 0.01190476 0.01190476 0.01190476 0.01190476 0.01190476 0.01190476 0.01190476 0.01190476 0.01190476 0.01190476 0.01190476 0.01190476 0.01190476 0.01190476 0.01190476 0.01190476 0.01190476 0.01190476 0.01190476
0.2   0.3
20   30
15  124  0.9  0.2   0.3  100
557.3939 559.5997 556.3652 554.1183 555.5371 556.9573 556.9903 556.8065 560.0187 556.5161 559.412 564.4948 557.3155 557.1354 555.2623 558.0217 556.3877 556.9033 557.7335 556.6116 557.0463 555.3048 553.7497 554.2632 557.0455 555.8079 553.5187 556.0003 556.2039 555.7663 555.6503 556.3884 556.256 555.5335 557.706 553.8758 557.2335 552.8646 552.9632 555.097 555.7774 555.486 555.5819 556.3577 555.0777 553.4123 552.574 552.4823 553.1758 555.7986 556.391 556.3523 556.1452 556.1537 555.729 556.8558 555.6443 554.281 552.918 558.3416 559.3955 554.7864 555.9939 557.385 560.0371 557.0407 556.3965 557.0035 557.367 558.7232 559.8443 563.5581 560.0981 562.2964 555.6339 556.4 557.6416 556.4307 556.1352 556.9206 556.0077 554.6139 554.3537 557.4123
0
0.01
24
TimsFord H
24  4  1   1   2
3   25
3   24
0.9  20000   5   10  0   224.9217241  5
0.01190476 0.01190476 0.01190476 0.01190476 0.01190476 0.01190476 0.01190476 0.01190476 0.01190476 0.01190476 0.01190476 0.01190476 0.01190476 0.01190476 0.01190476 0.01190476 0.01190476 0.01190476 0.01190476 0.01190476 0.01190476 0.01190476 0.01190476 0.01190476 0.01190476 0.01190476 0.01190476 0.01190476 0.01190476 0.01190476 0.01190476 0.01190476 0.01190476 0.01190476 0.01190476 0.01190476 0.01190476 0.01190476 0.01190476 0.01190476 0.01190476 0.01190476 0.01190476 0.01190476 0.01190476 0.01190476 0.01190476 0.01190476 0.01190476 0.01190476 0.01190476 0.01190476 0.01190476 0.01190476 0.01190476 0.01190476 0.01190476 0.01190476 0.01190476 0.01190476 0.01190476 0.01190476 0.01190476 0.01190476 0.01190476 0.01190476 0.01190476 0.01190476 0.01190476 0.01190476 0.01190476 0.01190476 0.01190476 0.01190476 0.01190476 0.01190476 0.01190476 0.01190476 0.01190476 0.01190476 0.01190476 0.01190476 0.01190476 0.01190476
0.2   0.3
20   30
15  36  0.9  0.2   0.3  100
743.8577 747.4628 746.1048 743.22 743.49 745.4237 745.3077 743.9055 743.6543 744.3439 743.764 750.4684 745.2239 743.3514 743.3465 743.407 743.3181 743.3287 743.3023 743.2916 743.3573 743.6703 745.5857 744.0329 743.4577 743.8875 743.3506 743.411 743.3958 743.353 743.4461 743.4639 743.4613 743.5129 743.541 743.4865 743.4961 743.3911 743.4248 743.4203 743.4523 743.6203 743.6023 743.4816 743.3473 743.3065 743.267 743.2552 743.3287 743.3614 743.4242 743.8737 743.2916 743.5413 743.5894 743.5894 743.5067 744.13 743.7197 745.6603 744.819 743.3907 743.5058 744.0373 746.9984 744.029 743.8016 743.8042 743.7963 746.1261 746.0863 746.0158 745.1084 746.2636 743.5435 743.6137 744.4865 743.8863 743.7484 743.7371 743.7063 744.2048 745.5017 746.2548
0
0.01
25
Wheeler H
25  4  1   1   2
3   26
3   25
0.9  20000   5   10  0   11957.13207 5
0.01190476 0.01190476 0.01190476 0.01190476 0.01190476 0.01190476 0.01190476 0.01190476 0.01190476 0.01190476 0.01190476 0.01190476 0.01190476 0.01190476 0.01190476 0.01190476 0.01190476 0.01190476 0.01190476 0.01190476 0.01190476 0.01190476 0.01190476 0.01190476 0.01190476 0.01190476 0.01190476 0.01190476 0.01190476 0.01190476 0.01190476 0.01190476 0.01190476 0.01190476 0.01190476 0.01190476 0.01190476 0.01190476 0.01190476 0.01190476 0.01190476 0.01190476 0.01190476 0.01190476 0.01190476 0.01190476 0.01190476 0.01190476 0.01190476 0.01190476 0.01190476 0.01190476 0.01190476 0.01190476 0.01190476 0.01190476 0.01190476 0.01190476 0.01190476 0.01190476 0.01190476 0.01190476 0.01190476 0.01190476 0.01190476 0.01190476 0.01190476 0.01190476 0.01190476 0.01190476 0.01190476 0.01190476 0.01190476 0.01190476 0.01190476 0.01190476 0.01190476 0.01190476 0.01190476 0.01190476 0.01190476 0.01190476 0.01190476 0.01190476
0.2   0.3
20   30
15  361  0.9  0.2   0.3  100
506.179 506.5807 506.1432 506.7293 507.0974 507.3093 507.1832 507.041 507.502 507.0477 507.2963 507.5784 506.1468 505.9479 505.7819 506.9517 507.0842 507.176 507.1245 507.0097 507.169 507.1848 507.091 505.9829 506.2206 506.0736 505.7881 506.734 507.1977 507.1283 507.1116 507.1323 507.182 507.1645 507.397 506.0503 506.0684 505.6257 505.7203 506.3443 507.1723 507.088 507.1119 507.1184 507.1523 507.1287 507.2763 506.609 505.7494 505.9217 506.0961 506.913 507.1329 507.008 507.0465 506.9523 507.0233 507.1858 507.2207 506.8319 506.6181 505.9179 505.8532 507.1913 507.8032 507.1793 507.0329 506.9526 507.1793 507.251 507.446 507.8755 506.8735 506.8225 505.9029 506.651 507.1161 507.0277 506.9977 506.8284 506.97 507.2071 507.199 505.9568
0
0.01
26
Wilson H
26  4  1   1   2
3   27
3   26
0.9  20000   5   10  0   12530.34441 5
0.01190476 0.01190476 0.01190476 0.01190476 0.01190476 0.01190476 0.01190476 0.01190476 0.01190476 0.01190476 0.01190476 0.01190476 0.01190476 0.01190476 0.01190476 0.01190476 0.01190476 0.01190476 0.01190476 0.01190476 0.01190476 0.01190476 0.01190476 0.01190476 0.01190476 0.01190476 0.01190476 0.01190476 0.01190476 0.01190476 0.01190476 0.01190476 0.01190476 0.01190476 0.01190476 0.01190476 0.01190476 0.01190476 0.01190476 0.01190476 0.01190476 0.01190476 0.01190476 0.01190476 0.01190476 0.01190476 0.01190476 0.01190476 0.01190476 0.01190476 0.01190476 0.01190476 0.01190476 0.01190476 0.01190476 0.01190476 0.01190476 0.01190476 0.01190476 0.01190476 0.01190476 0.01190476 0.01190476 0.01190476 0.01190476 0.01190476 0.01190476 0.01190476 0.01190476 0.01190476 0.01190476 0.01190476 0.01190476 0.01190476 0.01190476 0.01190476 0.01190476 0.01190476 0.01190476 0.01190476 0.01190476 0.01190476 0.01190476 0.01190476
0.2   0.3
20   30
15  663  0.9  0.2   0.3  100
414.3116 417.4083 415.1539 412.799 413.6916 415.3953 414.6345 414.0477 416.655 414.1239 416.6613 421.9139 414.7874 414.4889 413.3419 416.937 416.7484 416.2833 414.3368 413.6574 413.3 411.3419 409.986 410.9216 414.2487 412.3479 410.46 413.6227 413.6061 413.8033 413.7119 413.5068 412.588 411.2971 413.2353 411.3158 413.1523 409.7104 410.381 412.859 413.7719 412.828 413.5071 413.7529 412.958 411.7465 410.6087 410.55 410.6852 413.1972 414.6339 414.2637 414.4761 414.3387 413.4339 414.401 413.1223 412.1977 410.9167 416.2519 416.4384 412.4654 414.2845 415.537 418.0539 414.1347 413.8877 414.0252 415.3973 415.6181 416.6743 420.0945 417.6568 419.4193 413.5516 414.0577 415.3123 413.9823 413.5194 413.9081 413.4607 412.3526 412.1437 414.94
0
0.01
27
Pickwick H
27  4  1   1   2
3   28
3   27
0.9  20000   5   10  0   13167.65503 5
0.01190476 0.01190476 0.01190476 0.01190476 0.01190476 0.01190476 0.01190476 0.01190476 0.01190476 0.01190476 0.01190476 0.01190476 0.01190476 0.01190476 0.01190476 0.01190476 0.01190476 0.01190476 0.01190476 0.01190476 0.01190476 0.01190476 0.01190476 0.01190476 0.01190476 0.01190476 0.01190476 0.01190476 0.01190476 0.01190476 0.01190476 0.01190476 0.01190476 0.01190476 0.01190476 0.01190476 0.01190476 0.01190476 0.01190476 0.01190476 0.01190476 0.01190476 0.01190476 0.01190476 0.01190476 0.01190476 0.01190476 0.01190476 0.01190476 0.01190476 0.01190476 0.01190476 0.01190476 0.01190476 0.01190476 0.01190476 0.01190476 0.01190476 0.01190476 0.01190476 0.01190476 0.01190476 0.01190476 0.01190476 0.01190476 0.01190476 0.01190476 0.01190476 0.01190476 0.01190476 0.01190476 0.01190476 0.01190476 0.01190476 0.01190476 0.01190476 0.01190476 0.01190476 0.01190476 0.01190476 0.01190476 0.01190476 0.01190476 0.01190476
0.2   0.3
20   30
15  229  0.9  0.2   0.3  100
364.3903 370.71 364.9019 358.3557 359.3606 363.3373 362.239 361.3061 366.197 363.5123 367.4207 379.9358 366.1774 364.2821 361.4213 363.699 361.0977 361.4563 362.9926 359.6052 359.8327 358.1561 357.5047 359.2484 364.7548 361.9804 357.3332 360.5293 360.8558 359.371 358.5626 358.5787 357.9427 358.2619 363.0833 358.2213 364.1174 356.8971 357.0703 357.4963 358.9323 358.5033 357.8935 358.4858 356.1023 356.0216 356.0977 356.2406 357.2587 361.8241 363.6913 362.7503 360.7923 359.3413 358.7187 359.3116 356.166 355.6674 355.3943 366.2974 367.3577 358.5979 362.4403 363.2017 369.4035 361.7453 359.8145 359.5526 362.592 365.9565 368.05 373.4235 368.0784 373.2175 362.0016 359.801 365.7471 360.212 358.8881 358.6484 357.283 356.8032 358.2867 362.9974
0
0.01
28
Kentucky H
28  4  1   1   2
5   5
3   28
0.9  20000   5   10  0   13167.65503 5
0.01190476 0.01190476 0.01190476 0.01190476 0.01190476 0.01190476 0.01190476 0.01190476 0.01190476 0.01190476 0.01190476 0.01190476 0.01190476 0.01190476 0.01190476 0.01190476 0.01190476 0.01190476 0.01190476 0.01190476 0.01190476 0.01190476 0.01190476 0.01190476 0.01190476 0.01190476 0.01190476 0.01190476 0.01190476 0.01190476 0.01190476 0.01190476 0.01190476 0.01190476 0.01190476 0.01190476 0.01190476 0.01190476 0.01190476 0.01190476 0.01190476 0.01190476 0.01190476 0.01190476 0.01190476 0.01190476 0.01190476 0.01190476 0.01190476 0.01190476 0.01190476 0.01190476 0.01190476 0.01190476 0.01190476 0.01190476 0.01190476 0.01190476 0.01190476 0.01190476 0.01190476 0.01190476 0.01190476 0.01190476 0.01190476 0.01190476 0.01190476 0.01190476 0.01190476 0.01190476 0.01190476 0.01190476 0.01190476 0.01190476 0.01190476 0.01190476 0.01190476 0.01190476 0.01190476 0.01190476 0.01190476 0.01190476 0.01190476 0.01190476
0.2   0.3
20   30
15  184  0.9  0.2   0.3  100
315.8761 316.1772 312.8339 310.491 307.0955 315.506 303.3997 302.6761 309.0303 305.2939 310.327 325.1342 327.3739 315.1157 309.3284 312.1113 305.11 302.163 302.6277 302.4739 302.8763 302.1152 302.1663 302.2948 310.9045 306.2068 308.37 306.9303 302.8558 301.6667 301.5329 302.0229 303.6987 304.3919 310.326 304.9174 319.6103 303.7514 314.0729 310.9 303.2568 301.8363 301.84 302.049 301.8173 301.2829 301.689 308.7074 306.3016 317.2883 324.4803 323.2653 312.6994 311.214 305.081 302.03 301.735 301.7355 302.3327 309.6948 311.1961 310.7371 308.6026 315.6737 322.0071 307.382 302.4484 303.8732 304.521 308.8394 310.7747 316.0958 312.4032 318.9318 313.0735 307.688 321.3571 307.1963 305.0703 301.4361 301.967 301.9626 302.194 306.3829
0
0.01
